1.2450624604583802 0.287442684670094
1.6763065264512393 -2.3857196510606373
1.6014016918410892 -2.673740317814588
1.551838604636462 2.9622135263181013
1.550299978069109 0.4467960868685973
1.565585811848428 2.7327159320588845
1.898469003261591 -0.9421923175776483
0.9114187987987039 1.1145912893356809
1.6426955670387988 2.8947351849850067
1.130407145757137 2.442519148046309
0.5839145160663305 -2.9575586880964573
2.140306014407242 -0.8846450708182457
1.8423551205221484 0.8650644679339734
1.0290168066967607 2.9823022849357805
1.9555302823685654 0.654221285603146
0.6447087120508225 -3.121929339548693
1.3089343020881394 -0.8959888123287002
0.5973092378359712 2.551633995735337
1.7384415814782053 1.9362574391889453
0.9673737303048694 0.961491677312516
0.909695159259843 0.9885368525105176
1.9666070992665956 -0.5669793217726593
0.24762263075866872 -0.8841227425182128
1.7798026861163436 -2.8818707395748895
1.6417541357158731 2.9446841472416168
1.1755161676767831 0.8532153308951788
1.7574549233452028 -2.1882819732893504
0.25882120806801223 0.27937336126779566
1.8173015087169089 2.5894499443598846
0.7610235510771329 -2.231740150434388
2.3907321245987565 1.2656852575624333
1.1694756524490582 -0.41981338981888444
0.7819524321311254 -1.1546664431464038
0.8158159167278466 -1.439565920032515
1.9464710592316128 -0.6039508652353915
0.11442105891111037 0.4264926020801173
0.5815485820791362 2.9273396779184995
0.5421152365421507 -2.513192101808404
1.4078259089548284 -0.12849884705177955
2.621047317700883 -2.811215059677445
1.782161626268004 0.5612253326056675
0.3618959056195282 1.5450159461129578
1.4161668431215335 2.783245406256966
0.7863372490318646 -0.03766024274054877
0.976118067032158 -1.0208613500711015
1.500598551486331 -2.275363965166303
1.3633424461256214 -1.947008520119581
1.0065403179502448 1.3298225863498794
1.4721188980227482 -1.8878465789355667
1.4186235712277149 -0.5719589148170179
1.8692853053360772 -0.7184682924846906