20.5202804 35.70245569 21.80959393
6.49724074 10.13862801 29.14853252
33.00616307 2.48500539 34.64973936
12.91480879 14.19556987 14.44133138
29.92484144 18.85237347 24.18910898
30.30789911 21.55695516 18.13233683
28.07359556 26.71077238 14.86227135
22.10145661 15.23131386 22.81233022
32.59090519 20.72833136 6.16926564
22.2395621 26.56537091 30.04497289
2.91819624 39.35449744 11.80946532
13.69357126 5.11196678 19.74079594
12.53891197 29.5025265 1.08460811
27.66408068 16.0343247 31.56077688
13.6557748 7.61466502 36.13652235
37.97386652 31.16177258 29.88082874
0.20403763 9.52360311 5.68366202
16.31069508 32.84169193 33.71603454
35.24825468 9.46926868 13.19309008
20.18902989 4.95351324 32.60713384
7.19862825 34.8138885 9.14633467
16.26672736 14.45534307 8.74500127
11.71719253 34.71236828 29.08758569
22.66114093 39.61445774 22.8949437 
22.91132823 14.47751524 8.32971694
23.35427416 4.39226119 28.02494925
24.00468938 2.07126506 1.80988071
29.12932482 13.10254873 0.29568926
17.87206774 8.81136439 33.84617646
21.27808933 19.32085085 6.60481479
16.95700378 32.62438508 9.77107768
37.70219323 21.67529598 38.19735226
26.36633563 20.53961905 38.53670464
37.23101073 12.91931327 28.72736537
33.93238076 4.17424632 9.8622483 
11.33456097 3.82975539 13.52956221
33.1737768 20.00240117 26.93948475
13.93467876 29.21550892 2.28168193
0.40219515 14.13090518 35.25484439
1.92829453 22.59298112 40.62128903
17.27960338 34.72645954 36.78954893
2.67673609 9.40895525 33.70354074
9.16457392 20.86886798 34.28303345
10.72104439 21.0032311 32.77418788
38.23034268 32.05324508 7.86452925
8.22959259 39.08718165 25.72818934
12.04547137 5.21506271 21.33462626
7.71782604 4.45753334 29.96972709
17.96539994 13.1778397 7.10628744
28.71142752 34.11921847 0.37183611
4.11854665 9.33037025 34.4937965 